机器码：4847528353643503531902174331162694071806
    用户名：go
    注册码：
        1722407698
        1018797132
        4458863015
        7737244187
        9762341843
        0823599375
        1403708659
        1224586765
        9091547237
        5248518617
        6882525557
        2850458014
        9721348624
        8394870721
        6943212038
        4132706677
        7922175686
        0559
        3500809254
        1190602141
        8921009316
        8131137094
        0682192060
        2921302612
        6061167186
        2150941742
        4725309207
        1220206021
        2080161220
        7816118117
        0034219132
        1380840532
        0918602121
        5026120054
        2092021660
        3517225524
        8044048209
        1850221600
        2407905122
        8176147027
        157
        18416838

